{"nbformat":4,"nbformat_minor":0,"metadata":{"colab":{"provenance":[],"authorship_tag":"ABX9TyNnjjII8+LPYqQ/M7CItgTj"},"kernelspec":{"name":"python3","display_name":"Python 3"},"language_info":{"name":"python"}},"cells":[{"cell_type":"code","execution_count":166,"metadata":{"id":"k6x0AziMZLT2","executionInfo":{"status":"ok","timestamp":1674292985833,"user_tz":-330,"elapsed":387,"user":{"displayName":"Anand Chauhan","userId":"12250269168455404130"}}},"outputs":[],"source":["import numpy as np\n","import pandas as pd\n","from autograd import jacobian, hessian\n","import sklearn.preprocessing as pp\n","from sklearn.linear_model import LogisticRegression\n","from sklearn.model_selection import train_test_split\n","from sklearn.metrics import accuracy_score, confusion_matrix"]},{"cell_type":"markdown","source":["### Part 2.1: Getting Familiar with Linear Algebraic functions"],"metadata":{"id":"N8f3eAuIaPNB"}},{"cell_type":"code","source":["# 1: Create x of size 10*10 with random integer numbers\n","x = np.array(np.random.randint(0, 1000, size=100)).reshape(10, 10)\n","x"],"metadata":{"colab":{"base_uri":"https://localhost:8080/"},"id":"wDPqlRCXaIYT","executionInfo":{"status":"ok","timestamp":1674292988274,"user_tz":-330,"elapsed":761,"user":{"displayName":"Anand Chauhan","userId":"12250269168455404130"}},"outputId":"60abe0f1-8104-4b31-91da-618e16228c4d"},"execution_count":167,"outputs":[{"output_type":"execute_result","data":{"text/plain":["array([[985, 405, 528, 776,  64, 446, 344, 182, 346, 110],\n","       [516, 901, 586, 846, 897, 496, 894, 765,  67,  26],\n","       [462, 835,  70, 902, 194, 133, 967, 650, 742, 294],\n","       [930, 711, 229, 741, 330, 994, 206, 936, 594, 562],\n","       [448, 486,  35, 150, 281, 734, 387, 722, 754,  28],\n","       [408, 596, 217, 825, 787, 256,  75, 481, 567,  39],\n","       [479, 765, 737, 794, 630, 290, 685, 546,  47, 813],\n","       [332, 411, 801, 844, 883, 951, 402, 638, 710, 195],\n","       [195,  89, 989, 301, 956, 720, 253, 135, 622, 396],\n","       [ 77,  99, 156, 764, 937, 884, 981, 108, 955, 351]])"]},"metadata":{},"execution_count":167}]},{"cell_type":"code","source":["# Compute the following linear algebric operations on the x \n","# using built in functions supported in Numpy, Scipy etc.\n","# 2: Find inverse of the x and print it\n","invx = np.linalg.inv(x)\n","invx"],"metadata":{"colab":{"base_uri":"https://localhost:8080/"},"id":"kz_PN0e5chIx","executionInfo":{"status":"ok","timestamp":1674292988274,"user_tz":-330,"elapsed":26,"user":{"displayName":"Anand Chauhan","userId":"12250269168455404130"}},"outputId":"ace5d6f8-3c54-4f84-c9ad-a4665314a2a3"},"execution_count":168,"outputs":[{"output_type":"execute_result","data":{"text/plain":["array([[-5.50222466e-03,  1.04299999e-02,  1.17272194e-02,\n","         1.54707952e-02, -1.73298846e-02, -5.16585281e-03,\n","        -1.77514923e-02, -9.71596372e-03,  1.56322706e-02,\n","        -2.80747212e-03],\n","       [ 1.50090713e-02, -2.38313157e-02, -2.87248568e-02,\n","        -3.63313142e-02,  4.24551313e-02,  1.35739381e-02,\n","         4.20960566e-02,  1.89893967e-02, -3.57262946e-02,\n","         6.65066070e-03],\n","       [ 6.61251042e-04, -7.95862540e-04, -3.69554996e-04,\n","        -1.51037244e-03,  1.09929347e-03, -1.68367332e-04,\n","         1.19447637e-03,  1.40298974e-03, -4.37319660e-04,\n","        -5.42149016e-04],\n","       [-1.60150282e-05, -2.45727817e-05,  4.93810421e-04,\n","         5.50944227e-04, -1.59158236e-03,  7.04531190e-06,\n","        -5.37240352e-04,  1.07770204e-03, -5.78510434e-04,\n","         1.35594885e-04],\n","       [-3.91947047e-03,  6.32795060e-03,  6.34489208e-03,\n","         8.77633240e-03, -1.00229514e-02, -2.25840753e-03,\n","        -1.00895504e-02, -5.85312861e-03,  9.17401782e-03,\n","        -1.28520811e-03],\n","       [ 7.45194365e-03, -1.15714466e-02, -1.47717425e-02,\n","        -1.72554448e-02,  2.06054736e-02,  5.83091688e-03,\n","         2.03679841e-02,  1.01487718e-02, -1.80910507e-02,\n","         3.82652877e-03],\n","       [-2.70873732e-03,  5.02707268e-03,  5.74539934e-03,\n","         6.51178090e-03, -7.71420726e-03, -3.23419215e-03,\n","        -7.90537151e-03, -4.01197829e-03,  6.82570692e-03,\n","        -9.48595140e-04],\n","       [-1.15078102e-02,  1.72569508e-02,  2.10034091e-02,\n","         2.61828103e-02, -2.99986859e-02, -9.75731356e-03,\n","        -3.00504339e-02, -1.30755784e-02,  2.54276787e-02,\n","        -5.52901709e-03],\n","       [ 2.23974052e-04, -1.01098438e-03,  3.69987124e-04,\n","        -7.83626846e-04,  9.65757353e-04,  5.19843856e-04,\n","         2.71127675e-04,  1.87172979e-04,  1.45723931e-04,\n","        -8.17002924e-05],\n","       [-1.08803760e-03,  4.81961942e-04,  1.35686094e-03,\n","         2.23133452e-03, -2.17297374e-03, -6.65207153e-04,\n","        -1.10037394e-03, -1.40177087e-03,  1.87601758e-03,\n","        -9.66987934e-05]])"]},"metadata":{},"execution_count":168}]},{"cell_type":"code","source":["# 3: Calculate dot product of the x with same x in transpose A.AT\n","dotprodx = np.dot(x, x.T)\n","dotprodx"],"metadata":{"colab":{"base_uri":"https://localhost:8080/"},"id":"V1WLHdRvc-k5","executionInfo":{"status":"ok","timestamp":1674292988275,"user_tz":-330,"elapsed":25,"user":{"displayName":"Anand Chauhan","userId":"12250269168455404130"}},"outputId":"2be8b8c8-802d-44a2-9f59-820951e59127"},"execution_count":169,"outputs":[{"output_type":"execute_result","data":{"text/plain":["array([[2501498, 2590501, 2341911, 2872937, 1646834, 1876394, 2397284,\n","        2573519, 1736566, 1971564],\n","       [2590501, 4577420, 3453931, 3625219, 2382139, 2879569, 3803352,\n","        3888878, 2611088, 3178389],\n","       [2341911, 3453931, 3779087, 3317557, 2313901, 2449577, 3079832,\n","        2999296, 1696710, 2948268],\n","       [2872937, 3625219, 3317557, 4656091, 2922803, 2802770, 3379662,\n","        3857808, 2495809, 2999459],\n","       [1646834, 2382139, 2313901, 2922803, 2318695, 1817753, 1838676,\n","        2606284, 1682952, 2302344],\n","       [1876394, 2879569, 2449577, 2802770, 1817753, 2494295, 2408758,\n","        2936109, 1984262, 2398992],\n","       [2397284, 3803352, 3079832, 3379662, 1838676, 2408758, 3899790,\n","        3381619, 2538654, 2742077],\n","       [2573519, 3888878, 2999296, 3857808, 2606284, 2936109, 3381619,\n","        4427945, 3383096, 3713841],\n","       [1736566, 2611088, 1696710, 2495809, 1682952, 1984262, 2538654,\n","        3383096, 3172938, 2936105],\n","       [1971564, 3178389, 2948268, 2999459, 2302344, 2398992, 2742077,\n","        3713841, 2936105, 4292438]])"]},"metadata":{},"execution_count":169}]},{"cell_type":"code","source":["# 4: Decompose the original x using eigen decomposition \n","#    and print the eigen values and eigen vectors\n","eigval, eigvec = np.linalg.eig(x)\n","eigval"],"metadata":{"colab":{"base_uri":"https://localhost:8080/"},"id":"dqlRZvrbdISL","executionInfo":{"status":"ok","timestamp":1674292988275,"user_tz":-330,"elapsed":23,"user":{"displayName":"Anand Chauhan","userId":"12250269168455404130"}},"outputId":"d7f7fb7d-cdf6-4f63-eaef-cebf000aba94"},"execution_count":170,"outputs":[{"output_type":"execute_result","data":{"text/plain":["array([ 5190.42726996  +0.j        , -1229.74802493  +0.j        ,\n","        -791.07483811  +0.j        ,  -738.87009417  +0.j        ,\n","         928.96969957  +0.j        ,   691.6049118   +0.j        ,\n","         605.26940224+320.13296227j,   605.26940224-320.13296227j,\n","         -16.763823    +0.j        ,   284.9160944   +0.j        ])"]},"metadata":{},"execution_count":170}]},{"cell_type":"code","source":["eigvec"],"metadata":{"colab":{"base_uri":"https://localhost:8080/"},"id":"unVPT2rNd8qR","executionInfo":{"status":"ok","timestamp":1674292988275,"user_tz":-330,"elapsed":22,"user":{"displayName":"Anand Chauhan","userId":"12250269168455404130"}},"outputId":"9924b00f-e3b4-4d2a-c5d5-ceef97c6f05e"},"execution_count":171,"outputs":[{"output_type":"execute_result","data":{"text/plain":["array([[ 0.25203553+0.j        , -0.01707083+0.j        ,\n","        -0.03662833+0.j        ,  0.07405516+0.j        ,\n","         0.40941736+0.j        ,  0.16735857+0.j        ,\n","         0.11655453-0.26394393j,  0.11655453+0.26394393j,\n","        -0.3077813 +0.j        ,  0.10450618+0.j        ],\n","       [ 0.3743759 +0.j        , -0.17395632+0.j        ,\n","         0.25991996+0.j        , -0.21613845+0.j        ,\n","         0.45451766+0.j        , -0.73851927+0.j        ,\n","         0.2215555 -0.25803085j,  0.2215555 +0.25803085j,\n","         0.69250312+0.j        ,  0.70476301+0.j        ],\n","       [ 0.33486628+0.j        ,  0.48732895+0.j        ,\n","         0.0845219 +0.j        , -0.11038044+0.j        ,\n","        -0.07302582+0.j        ,  0.02369766+0.j        ,\n","         0.36906691-0.10347301j,  0.36906691+0.10347301j,\n","         0.03163525+0.j        , -0.11374763+0.j        ],\n","       [ 0.37106687+0.j        ,  0.23589764+0.j        ,\n","        -0.49714389+0.j        ,  0.43393999+0.j        ,\n","         0.08224553+0.j        ,  0.16421367+0.j        ,\n","        -0.29171813+0.30907022j, -0.29171813-0.30907022j,\n","         0.0027547 +0.j        , -0.31255527+0.j        ],\n","       [ 0.23586651+0.j        ,  0.51125533+0.j        ,\n","        -0.53454708+0.j        ,  0.53890512+0.j        ,\n","        -0.03205206+0.j        , -0.11094   +0.j        ,\n","        -0.15010271-0.10658816j, -0.15010271+0.10658816j,\n","        -0.1906936 +0.j        ,  0.17831595+0.j        ],\n","       [ 0.25398601+0.j        , -0.14014382+0.j        ,\n","         0.59049335+0.j        , -0.65216482+0.j        ,\n","         0.12821352+0.j        , -0.15635128+0.j        ,\n","        -0.29788136+0.07258044j, -0.29788136-0.07258044j,\n","         0.34999455+0.j        ,  0.1548646 +0.j        ],\n","       [ 0.36205057+0.j        , -0.34459684+0.j        ,\n","         0.10061725+0.j        , -0.16684975+0.j        ,\n","        -0.08711429+0.j        ,  0.00077583+0.j        ,\n","         0.43140789+0.j        ,  0.43140789-0.j        ,\n","        -0.13480195+0.j        ,  0.03287151+0.j        ],\n","       [ 0.36461437+0.j        , -0.20792276+0.j        ,\n","         0.05317545+0.j        ,  0.00582783+0.j        ,\n","        -0.17773007+0.j        ,  0.07319825+0.j        ,\n","        -0.15207315+0.18463496j, -0.15207315-0.18463496j,\n","        -0.49655231+0.j        , -0.53967299+0.j        ],\n","       [ 0.26175542+0.j        , -0.46421838+0.j        ,\n","         0.02556064+0.j        ,  0.0023609 +0.j        ,\n","        -0.4649756 +0.j        ,  0.34602807+0.j        ,\n","         0.02542224-0.10165756j,  0.02542224+0.10165756j,\n","         0.01486303+0.j        , -0.09295856+0.j        ],\n","       [ 0.30628854+0.j        ,  0.13345683+0.j        ,\n","         0.1696355 +0.j        , -0.06079641+0.j        ,\n","        -0.58382257+0.j        ,  0.48703725+0.j        ,\n","        -0.04588772+0.29871821j, -0.04588772-0.29871821j,\n","        -0.02974585+0.j        , -0.15814502+0.j        ]])"]},"metadata":{},"execution_count":171}]},{"cell_type":"code","source":["# 5: Calculate jacobian matrix\n","# 6: Calculate hessian matrix\n","def cost(x):\n","    return x**3\n","\n","jac = jacobian(cost)\n","hes = hessian(cost)"],"metadata":{"id":"CvAZ6fCRd_8C","executionInfo":{"status":"ok","timestamp":1674292988275,"user_tz":-330,"elapsed":21,"user":{"displayName":"Anand Chauhan","userId":"12250269168455404130"}}},"execution_count":172,"outputs":[]},{"cell_type":"markdown","source":["### Part 2.2: Logistic Regression using newton method"],"metadata":{"id":"8BrYgBNDjnZz"}},{"cell_type":"code","source":["# 1: Download, load the data and print first 5 and last 5 rows\n","df = pd.read_csv('http://archive.ics.uci.edu/ml/machine-learning-databases/00529/diabetes_data_upload.csv')\n","df.head(5)"],"metadata":{"colab":{"base_uri":"https://localhost:8080/","height":206},"id":"vnSg9dYBjv16","executionInfo":{"status":"ok","timestamp":1674292988276,"user_tz":-330,"elapsed":22,"user":{"displayName":"Anand Chauhan","userId":"12250269168455404130"}},"outputId":"a93679a7-f5c1-4409-adec-d06d924427fb"},"execution_count":173,"outputs":[{"output_type":"execute_result","data":{"text/plain":["   Age Gender Polyuria Polydipsia sudden weight loss weakness Polyphagia  \\\n","0   40   Male       No        Yes                 No      Yes         No   \n","1   58   Male       No         No                 No      Yes         No   \n","2   41   Male      Yes         No                 No      Yes        Yes   \n","3   45   Male       No         No                Yes      Yes        Yes   \n","4   60   Male      Yes        Yes                Yes      Yes        Yes   \n","\n","  Genital thrush visual blurring Itching Irritability delayed healing  \\\n","0             No              No     Yes           No             Yes   \n","1             No             Yes      No           No              No   \n","2             No              No     Yes           No             Yes   \n","3            Yes              No     Yes           No             Yes   \n","4             No             Yes     Yes          Yes             Yes   \n","\n","  partial paresis muscle stiffness Alopecia Obesity     class  \n","0              No              Yes      Yes     Yes  Positive  \n","1             Yes               No      Yes      No  Positive  \n","2              No              Yes      Yes      No  Positive  \n","3              No               No       No      No  Positive  \n","4             Yes              Yes      Yes     Yes  Positive  "],"text/html":["\n","  <div id=\"df-c53b158d-53bf-4067-ac19-bd0bba917b45\">\n","    <div class=\"colab-df-container\">\n","      <div>\n","<style scoped>\n","    .dataframe tbody tr th:only-of-type {\n","        vertical-align: middle;\n","    }\n","\n","    .dataframe tbody tr th {\n","        vertical-align: top;\n","    }\n","\n","    .dataframe thead th {\n","        text-align: right;\n","    }\n","</style>\n","<table border=\"1\" class=\"dataframe\">\n","  <thead>\n","    <tr style=\"text-align: right;\">\n","      <th></th>\n","      <th>Age</th>\n","      <th>Gender</th>\n","      <th>Polyuria</th>\n","      <th>Polydipsia</th>\n","      <th>sudden weight loss</th>\n","      <th>weakness</th>\n","      <th>Polyphagia</th>\n","      <th>Genital thrush</th>\n","      <th>visual blurring</th>\n","      <th>Itching</th>\n","      <th>Irritability</th>\n","      <th>delayed healing</th>\n","      <th>partial paresis</th>\n","      <th>muscle stiffness</th>\n","      <th>Alopecia</th>\n","      <th>Obesity</th>\n","      <th>class</th>\n","    </tr>\n","  </thead>\n","  <tbody>\n","    <tr>\n","      <th>0</th>\n","      <td>40</td>\n","      <td>Male</td>\n","      <td>No</td>\n","      <td>Yes</td>\n","      <td>No</td>\n","      <td>Yes</td>\n","      <td>No</td>\n","      <td>No</td>\n","      <td>No</td>\n","      <td>Yes</td>\n","      <td>No</td>\n","      <td>Yes</td>\n","      <td>No</td>\n","      <td>Yes</td>\n","      <td>Yes</td>\n","      <td>Yes</td>\n","      <td>Positive</td>\n","    </tr>\n","    <tr>\n","      <th>1</th>\n","      <td>58</td>\n","      <td>Male</td>\n","      <td>No</td>\n","      <td>No</td>\n","      <td>No</td>\n","      <td>Yes</td>\n","      <td>No</td>\n","      <td>No</td>\n","      <td>Yes</td>\n","      <td>No</td>\n","      <td>No</td>\n","      <td>No</td>\n","      <td>Yes</td>\n","      <td>No</td>\n","      <td>Yes</td>\n","      <td>No</td>\n","      <td>Positive</td>\n","    </tr>\n","    <tr>\n","      <th>2</th>\n","      <td>41</td>\n","      <td>Male</td>\n","      <td>Yes</td>\n","      <td>No</td>\n","      <td>No</td>\n","      <td>Yes</td>\n","      <td>Yes</td>\n","      <td>No</td>\n","      <td>No</td>\n","      <td>Yes</td>\n","      <td>No</td>\n","      <td>Yes</td>\n","      <td>No</td>\n","      <td>Yes</td>\n","      <td>Yes</td>\n","      <td>No</td>\n","      <td>Positive</td>\n","    </tr>\n","    <tr>\n","      <th>3</th>\n","      <td>45</td>\n","      <td>Male</td>\n","      <td>No</td>\n","      <td>No</td>\n","      <td>Yes</td>\n","      <td>Yes</td>\n","      <td>Yes</td>\n","      <td>Yes</td>\n","      <td>No</td>\n","      <td>Yes</td>\n","      <td>No</td>\n","      <td>Yes</td>\n","      <td>No</td>\n","      <td>No</td>\n","      <td>No</td>\n","      <td>No</td>\n","      <td>Positive</td>\n","    </tr>\n","    <tr>\n","      <th>4</th>\n","      <td>60</td>\n","      <td>Male</td>\n","      <td>Yes</td>\n","      <td>Yes</td>\n","      <td>Yes</td>\n","      <td>Yes</td>\n","      <td>Yes</td>\n","      <td>No</td>\n","      <td>Yes</td>\n","      <td>Yes</td>\n","      <td>Yes</td>\n","      <td>Yes</td>\n","      <td>Yes</td>\n","      <td>Yes</td>\n","      <td>Yes</td>\n","      <td>Yes</td>\n","      <td>Positive</td>\n","    </tr>\n","  </tbody>\n","</table>\n","</div>\n","      <button class=\"colab-df-convert\" onclick=\"convertToInteractive('df-c53b158d-53bf-4067-ac19-bd0bba917b45')\"\n","              title=\"Convert this dataframe to an interactive table.\"\n","              style=\"display:none;\">\n","        \n","  <svg xmlns=\"http://www.w3.org/2000/svg\" height=\"24px\"viewBox=\"0 0 24 24\"\n","       width=\"24px\">\n","    <path d=\"M0 0h24v24H0V0z\" fill=\"none\"/>\n","    <path d=\"M18.56 5.44l.94 2.06.94-2.06 2.06-.94-2.06-.94-.94-2.06-.94 2.06-2.06.94zm-11 1L8.5 8.5l.94-2.06 2.06-.94-2.06-.94L8.5 2.5l-.94 2.06-2.06.94zm10 10l.94 2.06.94-2.06 2.06-.94-2.06-.94-.94-2.06-.94 2.06-2.06.94z\"/><path d=\"M17.41 7.96l-1.37-1.37c-.4-.4-.92-.59-1.43-.59-.52 0-1.04.2-1.43.59L10.3 9.45l-7.72 7.72c-.78.78-.78 2.05 0 2.83L4 21.41c.39.39.9.59 1.41.59.51 0 1.02-.2 1.41-.59l7.78-7.78 2.81-2.81c.8-.78.8-2.07 0-2.86zM5.41 20L4 18.59l7.72-7.72 1.47 1.35L5.41 20z\"/>\n","  </svg>\n","      </button>\n","      \n","  <style>\n","    .colab-df-container {\n","      display:flex;\n","      flex-wrap:wrap;\n","      gap: 12px;\n","    }\n","\n","    .colab-df-convert {\n","      background-color: #E8F0FE;\n","      border: none;\n","      border-radius: 50%;\n","      cursor: pointer;\n","      display: none;\n","      fill: #1967D2;\n","      height: 32px;\n","      padding: 0 0 0 0;\n","      width: 32px;\n","    }\n","\n","    .colab-df-convert:hover {\n","      background-color: #E2EBFA;\n","      box-shadow: 0px 1px 2px rgba(60, 64, 67, 0.3), 0px 1px 3px 1px rgba(60, 64, 67, 0.15);\n","      fill: #174EA6;\n","    }\n","\n","    [theme=dark] .colab-df-convert {\n","      background-color: #3B4455;\n","      fill: #D2E3FC;\n","    }\n","\n","    [theme=dark] .colab-df-convert:hover {\n","      background-color: #434B5C;\n","      box-shadow: 0px 1px 3px 1px rgba(0, 0, 0, 0.15);\n","      filter: drop-shadow(0px 1px 2px rgba(0, 0, 0, 0.3));\n","      fill: #FFFFFF;\n","    }\n","  </style>\n","\n","      <script>\n","        const buttonEl =\n","          document.querySelector('#df-c53b158d-53bf-4067-ac19-bd0bba917b45 button.colab-df-convert');\n","        buttonEl.style.display =\n","          google.colab.kernel.accessAllowed ? 'block' : 'none';\n","\n","        async function convertToInteractive(key) {\n","          const element = document.querySelector('#df-c53b158d-53bf-4067-ac19-bd0bba917b45');\n","          const dataTable =\n","            await google.colab.kernel.invokeFunction('convertToInteractive',\n","                                                     [key], {});\n","          if (!dataTable) return;\n","\n","          const docLinkHtml = 'Like what you see? Visit the ' +\n","            '<a target=\"_blank\" href=https://colab.research.google.com/notebooks/data_table.ipynb>data table notebook</a>'\n","            + ' to learn more about interactive tables.';\n","          element.innerHTML = '';\n","          dataTable['output_type'] = 'display_data';\n","          await google.colab.output.renderOutput(dataTable, element);\n","          const docLink = document.createElement('div');\n","          docLink.innerHTML = docLinkHtml;\n","          element.appendChild(docLink);\n","        }\n","      </script>\n","    </div>\n","  </div>\n","  "]},"metadata":{},"execution_count":173}]},{"cell_type":"code","source":["df.tail(5)"],"metadata":{"colab":{"base_uri":"https://localhost:8080/","height":206},"id":"UbED-iVPkN8K","executionInfo":{"status":"ok","timestamp":1674292988276,"user_tz":-330,"elapsed":21,"user":{"displayName":"Anand Chauhan","userId":"12250269168455404130"}},"outputId":"2f17fec5-666d-4b6a-ce0b-ffe02b090e12"},"execution_count":174,"outputs":[{"output_type":"execute_result","data":{"text/plain":["     Age  Gender Polyuria Polydipsia sudden weight loss weakness Polyphagia  \\\n","515   39  Female      Yes        Yes                Yes       No        Yes   \n","516   48  Female      Yes        Yes                Yes      Yes        Yes   \n","517   58  Female      Yes        Yes                Yes      Yes        Yes   \n","518   32  Female       No         No                 No      Yes         No   \n","519   42    Male       No         No                 No       No         No   \n","\n","    Genital thrush visual blurring Itching Irritability delayed healing  \\\n","515             No              No     Yes           No             Yes   \n","516             No              No     Yes          Yes             Yes   \n","517             No             Yes      No           No              No   \n","518             No             Yes     Yes           No             Yes   \n","519             No              No      No           No              No   \n","\n","    partial paresis muscle stiffness Alopecia Obesity     class  \n","515             Yes               No       No      No  Positive  \n","516             Yes               No       No      No  Positive  \n","517             Yes              Yes       No     Yes  Positive  \n","518              No               No      Yes      No  Negative  \n","519              No               No       No      No  Negative  "],"text/html":["\n","  <div id=\"df-2ff2b41a-1c11-4464-a4bf-8ec9f344f96a\">\n","    <div class=\"colab-df-container\">\n","      <div>\n","<style scoped>\n","    .dataframe tbody tr th:only-of-type {\n","        vertical-align: middle;\n","    }\n","\n","    .dataframe tbody tr th {\n","        vertical-align: top;\n","    }\n","\n","    .dataframe thead th {\n","        text-align: right;\n","    }\n","</style>\n","<table border=\"1\" class=\"dataframe\">\n","  <thead>\n","    <tr style=\"text-align: right;\">\n","      <th></th>\n","      <th>Age</th>\n","      <th>Gender</th>\n","      <th>Polyuria</th>\n","      <th>Polydipsia</th>\n","      <th>sudden weight loss</th>\n","      <th>weakness</th>\n","      <th>Polyphagia</th>\n","      <th>Genital thrush</th>\n","      <th>visual blurring</th>\n","      <th>Itching</th>\n","      <th>Irritability</th>\n","      <th>delayed healing</th>\n","      <th>partial paresis</th>\n","      <th>muscle stiffness</th>\n","      <th>Alopecia</th>\n","      <th>Obesity</th>\n","      <th>class</th>\n","    </tr>\n","  </thead>\n","  <tbody>\n","    <tr>\n","      <th>515</th>\n","      <td>39</td>\n","      <td>Female</td>\n","      <td>Yes</td>\n","      <td>Yes</td>\n","      <td>Yes</td>\n","      <td>No</td>\n","      <td>Yes</td>\n","      <td>No</td>\n","      <td>No</td>\n","      <td>Yes</td>\n","      <td>No</td>\n","      <td>Yes</td>\n","      <td>Yes</td>\n","      <td>No</td>\n","      <td>No</td>\n","      <td>No</td>\n","      <td>Positive</td>\n","    </tr>\n","    <tr>\n","      <th>516</th>\n","      <td>48</td>\n","      <td>Female</td>\n","      <td>Yes</td>\n","      <td>Yes</td>\n","      <td>Yes</td>\n","      <td>Yes</td>\n","      <td>Yes</td>\n","      <td>No</td>\n","      <td>No</td>\n","      <td>Yes</td>\n","      <td>Yes</td>\n","      <td>Yes</td>\n","      <td>Yes</td>\n","      <td>No</td>\n","      <td>No</td>\n","      <td>No</td>\n","      <td>Positive</td>\n","    </tr>\n","    <tr>\n","      <th>517</th>\n","      <td>58</td>\n","      <td>Female</td>\n","      <td>Yes</td>\n","      <td>Yes</td>\n","      <td>Yes</td>\n","      <td>Yes</td>\n","      <td>Yes</td>\n","      <td>No</td>\n","      <td>Yes</td>\n","      <td>No</td>\n","      <td>No</td>\n","      <td>No</td>\n","      <td>Yes</td>\n","      <td>Yes</td>\n","      <td>No</td>\n","      <td>Yes</td>\n","      <td>Positive</td>\n","    </tr>\n","    <tr>\n","      <th>518</th>\n","      <td>32</td>\n","      <td>Female</td>\n","      <td>No</td>\n","      <td>No</td>\n","      <td>No</td>\n","      <td>Yes</td>\n","      <td>No</td>\n","      <td>No</td>\n","      <td>Yes</td>\n","      <td>Yes</td>\n","      <td>No</td>\n","      <td>Yes</td>\n","      <td>No</td>\n","      <td>No</td>\n","      <td>Yes</td>\n","      <td>No</td>\n","      <td>Negative</td>\n","    </tr>\n","    <tr>\n","      <th>519</th>\n","      <td>42</td>\n","      <td>Male</td>\n","      <td>No</td>\n","      <td>No</td>\n","      <td>No</td>\n","      <td>No</td>\n","      <td>No</td>\n","      <td>No</td>\n","      <td>No</td>\n","      <td>No</td>\n","      <td>No</td>\n","      <td>No</td>\n","      <td>No</td>\n","      <td>No</td>\n","      <td>No</td>\n","      <td>No</td>\n","      <td>Negative</td>\n","    </tr>\n","  </tbody>\n","</table>\n","</div>\n","      <button class=\"colab-df-convert\" onclick=\"convertToInteractive('df-2ff2b41a-1c11-4464-a4bf-8ec9f344f96a')\"\n","              title=\"Convert this dataframe to an interactive table.\"\n","              style=\"display:none;\">\n","        \n","  <svg xmlns=\"http://www.w3.org/2000/svg\" height=\"24px\"viewBox=\"0 0 24 24\"\n","       width=\"24px\">\n","    <path d=\"M0 0h24v24H0V0z\" fill=\"none\"/>\n","    <path d=\"M18.56 5.44l.94 2.06.94-2.06 2.06-.94-2.06-.94-.94-2.06-.94 2.06-2.06.94zm-11 1L8.5 8.5l.94-2.06 2.06-.94-2.06-.94L8.5 2.5l-.94 2.06-2.06.94zm10 10l.94 2.06.94-2.06 2.06-.94-2.06-.94-.94-2.06-.94 2.06-2.06.94z\"/><path d=\"M17.41 7.96l-1.37-1.37c-.4-.4-.92-.59-1.43-.59-.52 0-1.04.2-1.43.59L10.3 9.45l-7.72 7.72c-.78.78-.78 2.05 0 2.83L4 21.41c.39.39.9.59 1.41.59.51 0 1.02-.2 1.41-.59l7.78-7.78 2.81-2.81c.8-.78.8-2.07 0-2.86zM5.41 20L4 18.59l7.72-7.72 1.47 1.35L5.41 20z\"/>\n","  </svg>\n","      </button>\n","      \n","  <style>\n","    .colab-df-container {\n","      display:flex;\n","      flex-wrap:wrap;\n","      gap: 12px;\n","    }\n","\n","    .colab-df-convert {\n","      background-color: #E8F0FE;\n","      border: none;\n","      border-radius: 50%;\n","      cursor: pointer;\n","      display: none;\n","      fill: #1967D2;\n","      height: 32px;\n","      padding: 0 0 0 0;\n","      width: 32px;\n","    }\n","\n","    .colab-df-convert:hover {\n","      background-color: #E2EBFA;\n","      box-shadow: 0px 1px 2px rgba(60, 64, 67, 0.3), 0px 1px 3px 1px rgba(60, 64, 67, 0.15);\n","      fill: #174EA6;\n","    }\n","\n","    [theme=dark] .colab-df-convert {\n","      background-color: #3B4455;\n","      fill: #D2E3FC;\n","    }\n","\n","    [theme=dark] .colab-df-convert:hover {\n","      background-color: #434B5C;\n","      box-shadow: 0px 1px 3px 1px rgba(0, 0, 0, 0.15);\n","      filter: drop-shadow(0px 1px 2px rgba(0, 0, 0, 0.3));\n","      fill: #FFFFFF;\n","    }\n","  </style>\n","\n","      <script>\n","        const buttonEl =\n","          document.querySelector('#df-2ff2b41a-1c11-4464-a4bf-8ec9f344f96a button.colab-df-convert');\n","        buttonEl.style.display =\n","          google.colab.kernel.accessAllowed ? 'block' : 'none';\n","\n","        async function convertToInteractive(key) {\n","          const element = document.querySelector('#df-2ff2b41a-1c11-4464-a4bf-8ec9f344f96a');\n","          const dataTable =\n","            await google.colab.kernel.invokeFunction('convertToInteractive',\n","                                                     [key], {});\n","          if (!dataTable) return;\n","\n","          const docLinkHtml = 'Like what you see? Visit the ' +\n","            '<a target=\"_blank\" href=https://colab.research.google.com/notebooks/data_table.ipynb>data table notebook</a>'\n","            + ' to learn more about interactive tables.';\n","          element.innerHTML = '';\n","          dataTable['output_type'] = 'display_data';\n","          await google.colab.output.renderOutput(dataTable, element);\n","          const docLink = document.createElement('div');\n","          docLink.innerHTML = docLinkHtml;\n","          element.appendChild(docLink);\n","        }\n","      </script>\n","    </div>\n","  </div>\n","  "]},"metadata":{},"execution_count":174}]},{"cell_type":"code","source":["# 2: Transform categorical features into numerical features. \n","#    Use label encoding or any other suitable preprocessing technique\n","le = pp.LabelEncoder()\n","for column in df.columns:\n","    if df[column].dtype != 'int64':\n","        df[column] = le.fit_transform(df[column])\n","df.tail()"],"metadata":{"colab":{"base_uri":"https://localhost:8080/","height":206},"id":"rJW5MKWZj-Cb","executionInfo":{"status":"ok","timestamp":1674292988276,"user_tz":-330,"elapsed":21,"user":{"displayName":"Anand Chauhan","userId":"12250269168455404130"}},"outputId":"b23eb414-495f-4459-a287-40639cd26d62"},"execution_count":175,"outputs":[{"output_type":"execute_result","data":{"text/plain":["     Age  Gender  Polyuria  Polydipsia  sudden weight loss  weakness  \\\n","515   39       0         1           1                   1         0   \n","516   48       0         1           1                   1         1   \n","517   58       0         1           1                   1         1   \n","518   32       0         0           0                   0         1   \n","519   42       1         0           0                   0         0   \n","\n","     Polyphagia  Genital thrush  visual blurring  Itching  Irritability  \\\n","515           1               0                0        1             0   \n","516           1               0                0        1             1   \n","517           1               0                1        0             0   \n","518           0               0                1        1             0   \n","519           0               0                0        0             0   \n","\n","     delayed healing  partial paresis  muscle stiffness  Alopecia  Obesity  \\\n","515                1                1                 0         0        0   \n","516                1                1                 0         0        0   \n","517                0                1                 1         0        1   \n","518                1                0                 0         1        0   \n","519                0                0                 0         0        0   \n","\n","     class  \n","515      1  \n","516      1  \n","517      1  \n","518      0  \n","519      0  "],"text/html":["\n","  <div id=\"df-ff466c9e-dd89-42c1-baf2-58bfa8a9468c\">\n","    <div class=\"colab-df-container\">\n","      <div>\n","<style scoped>\n","    .dataframe tbody tr th:only-of-type {\n","        vertical-align: middle;\n","    }\n","\n","    .dataframe tbody tr th {\n","        vertical-align: top;\n","    }\n","\n","    .dataframe thead th {\n","        text-align: right;\n","    }\n","</style>\n","<table border=\"1\" class=\"dataframe\">\n","  <thead>\n","    <tr style=\"text-align: right;\">\n","      <th></th>\n","      <th>Age</th>\n","      <th>Gender</th>\n","      <th>Polyuria</th>\n","      <th>Polydipsia</th>\n","      <th>sudden weight loss</th>\n","      <th>weakness</th>\n","      <th>Polyphagia</th>\n","      <th>Genital thrush</th>\n","      <th>visual blurring</th>\n","      <th>Itching</th>\n","      <th>Irritability</th>\n","      <th>delayed healing</th>\n","      <th>partial paresis</th>\n","      <th>muscle stiffness</th>\n","      <th>Alopecia</th>\n","      <th>Obesity</th>\n","      <th>class</th>\n","    </tr>\n","  </thead>\n","  <tbody>\n","    <tr>\n","      <th>515</th>\n","      <td>39</td>\n","      <td>0</td>\n","      <td>1</td>\n","      <td>1</td>\n","      <td>1</td>\n","      <td>0</td>\n","      <td>1</td>\n","      <td>0</td>\n","      <td>0</td>\n","      <td>1</td>\n","      <td>0</td>\n","      <td>1</td>\n","      <td>1</td>\n","      <td>0</td>\n","      <td>0</td>\n","      <td>0</td>\n","      <td>1</td>\n","    </tr>\n","    <tr>\n","      <th>516</th>\n","      <td>48</td>\n","      <td>0</td>\n","      <td>1</td>\n","      <td>1</td>\n","      <td>1</td>\n","      <td>1</td>\n","      <td>1</td>\n","      <td>0</td>\n","      <td>0</td>\n","      <td>1</td>\n","      <td>1</td>\n","      <td>1</td>\n","      <td>1</td>\n","      <td>0</td>\n","      <td>0</td>\n","      <td>0</td>\n","      <td>1</td>\n","    </tr>\n","    <tr>\n","      <th>517</th>\n","      <td>58</td>\n","      <td>0</td>\n","      <td>1</td>\n","      <td>1</td>\n","      <td>1</td>\n","      <td>1</td>\n","      <td>1</td>\n","      <td>0</td>\n","      <td>1</td>\n","      <td>0</td>\n","      <td>0</td>\n","      <td>0</td>\n","      <td>1</td>\n","      <td>1</td>\n","      <td>0</td>\n","      <td>1</td>\n","      <td>1</td>\n","    </tr>\n","    <tr>\n","      <th>518</th>\n","      <td>32</td>\n","      <td>0</td>\n","      <td>0</td>\n","      <td>0</td>\n","      <td>0</td>\n","      <td>1</td>\n","      <td>0</td>\n","      <td>0</td>\n","      <td>1</td>\n","      <td>1</td>\n","      <td>0</td>\n","      <td>1</td>\n","      <td>0</td>\n","      <td>0</td>\n","      <td>1</td>\n","      <td>0</td>\n","      <td>0</td>\n","    </tr>\n","    <tr>\n","      <th>519</th>\n","      <td>42</td>\n","      <td>1</td>\n","      <td>0</td>\n","      <td>0</td>\n","      <td>0</td>\n","      <td>0</td>\n","      <td>0</td>\n","      <td>0</td>\n","      <td>0</td>\n","      <td>0</td>\n","      <td>0</td>\n","      <td>0</td>\n","      <td>0</td>\n","      <td>0</td>\n","      <td>0</td>\n","      <td>0</td>\n","      <td>0</td>\n","    </tr>\n","  </tbody>\n","</table>\n","</div>\n","      <button class=\"colab-df-convert\" onclick=\"convertToInteractive('df-ff466c9e-dd89-42c1-baf2-58bfa8a9468c')\"\n","              title=\"Convert this dataframe to an interactive table.\"\n","              style=\"display:none;\">\n","        \n","  <svg xmlns=\"http://www.w3.org/2000/svg\" height=\"24px\"viewBox=\"0 0 24 24\"\n","       width=\"24px\">\n","    <path d=\"M0 0h24v24H0V0z\" fill=\"none\"/>\n","    <path d=\"M18.56 5.44l.94 2.06.94-2.06 2.06-.94-2.06-.94-.94-2.06-.94 2.06-2.06.94zm-11 1L8.5 8.5l.94-2.06 2.06-.94-2.06-.94L8.5 2.5l-.94 2.06-2.06.94zm10 10l.94 2.06.94-2.06 2.06-.94-2.06-.94-.94-2.06-.94 2.06-2.06.94z\"/><path d=\"M17.41 7.96l-1.37-1.37c-.4-.4-.92-.59-1.43-.59-.52 0-1.04.2-1.43.59L10.3 9.45l-7.72 7.72c-.78.78-.78 2.05 0 2.83L4 21.41c.39.39.9.59 1.41.59.51 0 1.02-.2 1.41-.59l7.78-7.78 2.81-2.81c.8-.78.8-2.07 0-2.86zM5.41 20L4 18.59l7.72-7.72 1.47 1.35L5.41 20z\"/>\n","  </svg>\n","      </button>\n","      \n","  <style>\n","    .colab-df-container {\n","      display:flex;\n","      flex-wrap:wrap;\n","      gap: 12px;\n","    }\n","\n","    .colab-df-convert {\n","      background-color: #E8F0FE;\n","      border: none;\n","      border-radius: 50%;\n","      cursor: pointer;\n","      display: none;\n","      fill: #1967D2;\n","      height: 32px;\n","      padding: 0 0 0 0;\n","      width: 32px;\n","    }\n","\n","    .colab-df-convert:hover {\n","      background-color: #E2EBFA;\n","      box-shadow: 0px 1px 2px rgba(60, 64, 67, 0.3), 0px 1px 3px 1px rgba(60, 64, 67, 0.15);\n","      fill: #174EA6;\n","    }\n","\n","    [theme=dark] .colab-df-convert {\n","      background-color: #3B4455;\n","      fill: #D2E3FC;\n","    }\n","\n","    [theme=dark] .colab-df-convert:hover {\n","      background-color: #434B5C;\n","      box-shadow: 0px 1px 3px 1px rgba(0, 0, 0, 0.15);\n","      filter: drop-shadow(0px 1px 2px rgba(0, 0, 0, 0.3));\n","      fill: #FFFFFF;\n","    }\n","  </style>\n","\n","      <script>\n","        const buttonEl =\n","          document.querySelector('#df-ff466c9e-dd89-42c1-baf2-58bfa8a9468c button.colab-df-convert');\n","        buttonEl.style.display =\n","          google.colab.kernel.accessAllowed ? 'block' : 'none';\n","\n","        async function convertToInteractive(key) {\n","          const element = document.querySelector('#df-ff466c9e-dd89-42c1-baf2-58bfa8a9468c');\n","          const dataTable =\n","            await google.colab.kernel.invokeFunction('convertToInteractive',\n","                                                     [key], {});\n","          if (!dataTable) return;\n","\n","          const docLinkHtml = 'Like what you see? Visit the ' +\n","            '<a target=\"_blank\" href=https://colab.research.google.com/notebooks/data_table.ipynb>data table notebook</a>'\n","            + ' to learn more about interactive tables.';\n","          element.innerHTML = '';\n","          dataTable['output_type'] = 'display_data';\n","          await google.colab.output.renderOutput(dataTable, element);\n","          const docLink = document.createElement('div');\n","          docLink.innerHTML = docLinkHtml;\n","          element.appendChild(docLink);\n","        }\n","      </script>\n","    </div>\n","  </div>\n","  "]},"metadata":{},"execution_count":175}]},{"cell_type":"code","source":["# 3: Since the age feature is in larger range, age column can be \n","#    normalized into smaller scale (like 0 to 1) using different methods such\n","#    as scaling, standardizing or any other suitable preprocessing technique\n","ss = pp.MinMaxScaler()\n","df['Age'] = ss.fit_transform(np.array(df['Age']).reshape(-1, 1))\n","df.tail()"],"metadata":{"colab":{"base_uri":"https://localhost:8080/","height":206},"id":"hxlCzTgdklna","executionInfo":{"status":"ok","timestamp":1674292988276,"user_tz":-330,"elapsed":20,"user":{"displayName":"Anand Chauhan","userId":"12250269168455404130"}},"outputId":"9b10b68c-13d3-4992-d94f-a409c80d5fdd"},"execution_count":176,"outputs":[{"output_type":"execute_result","data":{"text/plain":["          Age  Gender  Polyuria  Polydipsia  sudden weight loss  weakness  \\\n","515  0.310811       0         1           1                   1         0   \n","516  0.432432       0         1           1                   1         1   \n","517  0.567568       0         1           1                   1         1   \n","518  0.216216       0         0           0                   0         1   \n","519  0.351351       1         0           0                   0         0   \n","\n","     Polyphagia  Genital thrush  visual blurring  Itching  Irritability  \\\n","515           1               0                0        1             0   \n","516           1               0                0        1             1   \n","517           1               0                1        0             0   \n","518           0               0                1        1             0   \n","519           0               0                0        0             0   \n","\n","     delayed healing  partial paresis  muscle stiffness  Alopecia  Obesity  \\\n","515                1                1                 0         0        0   \n","516                1                1                 0         0        0   \n","517                0                1                 1         0        1   \n","518                1                0                 0         1        0   \n","519                0                0                 0         0        0   \n","\n","     class  \n","515      1  \n","516      1  \n","517      1  \n","518      0  \n","519      0  "],"text/html":["\n","  <div id=\"df-85e973ab-a298-4d54-81ff-d0b63b714442\">\n","    <div class=\"colab-df-container\">\n","      <div>\n","<style scoped>\n","  